{
    "bones":[{
        "parent":-1,
        "pos":[0,105.85,1.72452e-05],
        "name":"Hips",
        "rest":[1,0,0,0,1,-2.38419e-07,0,1.6292e-07,1]
    },{
        "parent":0,
        "pos":[-11.5,-1.85,0],
        "name":"RightUpLeg",
        "rest":[-1,-2.42259e-20,-8.74228e-08,2.37169e-20,-1,0,-8.74228e-08,0,1]
    },{
        "parent":1,
        "pos":[0,48,-9.09495e-13],
        "name":"RightLeg",
        "rest":[1,1.4243e-14,-3.39579e-21,-1.4243e-14,1,2.27374e-13,-5.71626e-21,-2.27374e-13,1]
    },{
        "parent":2,
        "pos":[1.13687e-13,48,1.13687e-13],
        "name":"RightFoot",
        "rest":[-1,-8.09402e-08,9.66098e-08,5.8859e-08,0.377897,0.925848,-1.11447e-07,0.925848,-0.377897]
    },{
        "parent":0,
        "pos":[11.5,-1.85,0],
        "name":"LeftUpLeg",
        "rest":[-1,-2.42259e-20,-8.74228e-08,2.37169e-20,-1,0,-8.74228e-08,0,1]
    },{
        "parent":4,
        "pos":[0,48,-9.09495e-13],
        "name":"LeftLeg",
        "rest":[1,1.4243e-14,-3.39579e-21,-1.4243e-14,1,2.27374e-13,-5.71626e-21,-2.27374e-13,1]
    },{
        "parent":5,
        "pos":[1.13687e-13,48,1.13687e-13],
        "name":"LeftFoot",
        "rest":[-1,-8.09402e-08,9.66098e-08,5.88589e-08,0.377897,0.925848,-1.11447e-07,0.925848,-0.377897]
    },{
        "parent":0,
        "pos":[0,16.654,3.63798e-12],
        "name":"Spine",
        "rest":[1,0,0,0,1,-2.55795e-13,0,2.55795e-13,1]
    },{
        "parent":7,
        "pos":[0,11.312,0],
        "name":"Spine1",
        "rest":[1,0,0,0,1,5.68434e-14,0,-5.68434e-14,1]
    },{
        "parent":8,
        "pos":[0,11.78,0],
        "name":"Spine2",
        "rest":[1,0,0,0,1,-5.68434e-14,0,5.68434e-14,1]
    },{
        "parent":9,
        "pos":[0,11.312,0],
        "name":"Spine3",
        "rest":[1,0,0,0,1,0,0,1.42109e-14,1]
    },{
        "parent":10,
        "pos":[0,12.091,0],
        "name":"Neck",
        "rest":[1,0,0,0,1,8.52651e-14,0,-8.52651e-14,1]
    },{
        "parent":11,
        "pos":[0,9,0],
        "name":"Head",
        "rest":[1,0,0,0,1,-1.13687e-13,0,9.9476e-14,1]
    },{
        "parent":10,
        "pos":[-3.5,8.061,0],
        "name":"RightShoulder",
        "rest":[0,-1,0,1,0,7.54981e-08,-7.54981e-08,0,1]
    },{
        "parent":13,
        "pos":[4.37694e-12,14,0],
        "name":"RightArm",
        "rest":[1,0,0,0,1,0,0,0,1]
    },{
        "parent":14,
        "pos":[4.37694e-12,29,0],
        "name":"RightForeArm",
        "rest":[1,-6.14557e-07,0,6.14557e-07,1,-6.72889e-14,0,6.72889e-14,1]
    },{
        "parent":15,
        "pos":[8.16436e-09,28,-4.6555e-13],
        "name":"RightHand",
        "rest":[0.951658,0.135456,-0.275678,-0.202388,0.951658,-0.231054,0.231054,0.275678,0.933068]
    },{
        "parent":16,
        "pos":[0.432015,3.53328,2.48014],
        "name":"RightHandThumb1",
        "rest":[0.951658,-0.202387,0.231054,0.135455,0.951658,0.275678,-0.275678,-0.231054,0.933068]
    },{
        "parent":17,
        "pos":[6.78981e-06,3.998,8.41931e-08],
        "name":"RightHandThumb2",
        "rest":[1,0,1.58932e-08,1.03631e-15,1,3.10848e-15,-1.58932e-08,0,1]
    },{
        "parent":18,
        "pos":[6.4255e-06,2.778,8.67532e-08],
        "name":"RightHandThumb3",
        "rest":[1,-1.53831e-07,-6.23682e-15,1.53831e-07,1,3.15535e-09,6.61744e-23,-3.15534e-09,1]
    },{
        "parent":16,
        "pos":[0.313272,3.99773,1.04337],
        "name":"RightInHandIndex",
        "rest":[0.981766,-0.171614,0.0817555,0.166902,0.984059,0.0614059,-0.0909904,-0.0466411,0.994759]
    },{
        "parent":20,
        "pos":[-6.55651e-06,5.76784,-1.43051e-06],
        "name":"RightHandIndex1",
        "rest":[0.981998,-0.0188403,0.187952,-0.0171639,0.981998,0.188112,-0.188112,-0.187952,0.963996]
    },{
        "parent":21,
        "pos":[-1.60973e-06,3.93,1.86029e-07],
        "name":"RightHandIndex2",
        "rest":[1,0,4.56955e-08,-4.88438e-16,1,-1.49012e-08,-4.56956e-08,1.49012e-08,1]
    },{
        "parent":22,
        "pos":[-1.81556e-06,2.228,2.52392e-09],
        "name":"RightHandIndex3",
        "rest":[1,0,1.57652e-14,-5.91331e-17,1,4.07079e-15,-1.42109e-14,0,1]
    },{
        "parent":16,
        "pos":[-0.0183937,3.79722,-0.236373],
        "name":"RightInHandMiddle",
        "rest":[0.961468,-0.203378,0.184979,0.163965,0.964296,0.207962,-0.22067,-0.169619,0.960487]
    },{
        "parent":24,
        "pos":[1.92374e-05,5.62908,-1.19209e-07],
        "name":"RightHandMiddle1",
        "rest":[0.998032,0.0124365,0.0614527,-0.0161665,0.998033,0.0605783,-0.0605784,-0.0614526,0.99627]
    },{
        "parent":25,
        "pos":[1.87522e-05,4.28801,6.9432e-08],
        "name":"RightHandMiddle2",
        "rest":[1,-7.94093e-23,1.96185e-08,8.88328e-16,1,-3.7253e-09,-1.96185e-08,3.72529e-09,1]
    },{
        "parent":26,
        "pos":[1.88296e-05,2.68801,1.25981e-07],
        "name":"RightHandMiddle3",
        "rest":[1,-1.54078e-07,-1.84379e-14,1.54078e-07,1,2.01447e-09,-1.77636e-15,-2.01448e-09,1]
    },{
        "parent":16,
        "pos":[-0.21609,3.51787,-1.13589],
        "name":"RightInHandRing",
        "rest":[0.924058,-0.229578,0.30563,0.100828,0.917627,0.38444,-0.368714,-0.324429,0.871089]
    },{
        "parent":28,
        "pos":[-1.68309e-05,5.05884,-2.68221e-06],
        "name":"RightHandRing1",
        "rest":[0.994692,-0.00587148,-0.102732,-0.00474469,0.994692,-0.10279,0.10279,0.102732,0.989384]
    },{
        "parent":29,
        "pos":[-1.60182e-06,3.737,4.28354e-08],
        "name":"RightHandRing2",
        "rest":[1,-3.08322e-07,-6.4585e-09,3.08322e-07,1,-7.74857e-09,6.45849e-09,7.74857e-09,1]
    },{
        "parent":30,
        "pos":[-5.02381e-06,2.593,-3.16032e-08],
        "name":"RightHandRing3",
        "rest":[1,-2.73202e-17,-6.0064e-15,2.68355e-15,1,4.65663e-10,-2.83224e-17,-4.65661e-10,1]
    },{
        "parent":16,
        "pos":[-0.510757,2.97542,-2.15122],
        "name":"RightInHandPinky",
        "rest":[0.875224,-0.259465,0.408242,0.00562349,0.849367,0.527773,-0.483686,-0.459624,0.744845]
    },{
        "parent":32,
        "pos":[-7.56979e-06,4.64935,4.76837e-07],
        "name":"RightHandPinky1",
        "rest":[0.967017,-0.0600253,-0.247538,-0.00516249,0.967017,-0.254659,0.254659,0.247538,0.934812]
    },{
        "parent":33,
        "pos":[-4.90012e-06,2.993,1.56627e-07],
        "name":"RightHandPinky2",
        "rest":[1,3.55271e-15,1.58932e-08,1.12497e-22,1,-1.49012e-08,-1.58932e-08,1.49012e-08,1]
    },{
        "parent":34,
        "pos":[-4.95918e-06,1.891,8.28605e-08],
        "name":"RightHandPinky3",
        "rest":[1,3.55271e-15,7.77156e-16,2.07261e-16,1,1.59866e-15,-3.30872e-23,0,1]
    },{
        "parent":10,
        "pos":[3.5,8.061,0],
        "name":"LeftShoulder",
        "rest":[0,1,0,-1,0,7.54981e-08,7.54981e-08,0,1]
    },{
        "parent":36,
        "pos":[-4.37694e-12,14,0],
        "name":"LeftArm",
        "rest":[1,0,0,0,1,0,0,0,1]
    },{
        "parent":37,
        "pos":[-4.37694e-12,29,0],
        "name":"LeftForeArm",
        "rest":[1,6.14557e-07,0,-6.14557e-07,1,-6.72889e-14,0,6.72889e-14,1]
    },{
        "parent":38,
        "pos":[-8.16436e-09,28,-4.6555e-13],
        "name":"LeftHand",
        "rest":[0.951658,-0.135456,0.275678,0.202388,0.951658,-0.231054,-0.231054,0.275678,0.933068]
    },{
        "parent":39,
        "pos":[-0.432015,3.53328,2.48014],
        "name":"LeftHandThumb1",
        "rest":[0.951658,0.202387,-0.231054,-0.135455,0.951658,0.275678,0.275678,-0.231054,0.933068]
    },{
        "parent":40,
        "pos":[-6.78981e-06,3.998,8.41931e-08],
        "name":"LeftHandThumb2",
        "rest":[1,0,-1.58932e-08,-1.03631e-15,1,3.10848e-15,1.58932e-08,0,1]
    },{
        "parent":41,
        "pos":[-6.4255e-06,2.778,8.67532e-08],
        "name":"LeftHandThumb3",
        "rest":[1,1.53831e-07,6.23682e-15,-1.53831e-07,1,3.15535e-09,-6.61744e-23,-3.15534e-09,1]
    },{
        "parent":39,
        "pos":[-0.313272,3.99773,1.04337],
        "name":"LeftInHandIndex",
        "rest":[0.981766,0.171614,-0.0817555,-0.166902,0.984059,0.0614059,0.0909904,-0.0466411,0.994759]
    },{
        "parent":43,
        "pos":[6.55651e-06,5.76784,-1.43051e-06],
        "name":"LeftHandIndex1",
        "rest":[0.981998,0.0188403,-0.187952,0.0171639,0.981998,0.188112,0.188112,-0.187952,0.963996]
    },{
        "parent":44,
        "pos":[1.60973e-06,3.93,1.86029e-07],
        "name":"LeftHandIndex2",
        "rest":[1,0,-4.56955e-08,4.88438e-16,1,-1.49012e-08,4.56956e-08,1.49012e-08,1]
    },{
        "parent":45,
        "pos":[1.81556e-06,2.228,2.52392e-09],
        "name":"LeftHandIndex3",
        "rest":[1,0,-1.57652e-14,5.91331e-17,1,4.07079e-15,1.42109e-14,0,1]
    },{
        "parent":39,
        "pos":[0.0183937,3.79722,-0.236373],
        "name":"LeftInHandMiddle",
        "rest":[0.961468,0.203378,-0.184979,-0.163965,0.964296,0.207962,0.22067,-0.169619,0.960487]
    },{
        "parent":47,
        "pos":[-1.92374e-05,5.62908,-1.19209e-07],
        "name":"LeftHandMiddle1",
        "rest":[0.998032,-0.0124365,-0.0614527,0.0161665,0.998033,0.0605783,0.0605784,-0.0614526,0.99627]
    },{
        "parent":48,
        "pos":[-1.87522e-05,4.28801,6.9432e-08],
        "name":"LeftHandMiddle2",
        "rest":[1,7.94093e-23,-1.96185e-08,-8.88328e-16,1,-3.7253e-09,1.96185e-08,3.72529e-09,1]
    },{
        "parent":49,
        "pos":[-1.88296e-05,2.68801,1.25981e-07],
        "name":"LeftHandMiddle3",
        "rest":[1,1.54078e-07,1.84379e-14,-1.54078e-07,1,2.01447e-09,1.77636e-15,-2.01448e-09,1]
    },{
        "parent":39,
        "pos":[0.21609,3.51787,-1.13589],
        "name":"LeftInHandRing",
        "rest":[0.924058,0.229578,-0.30563,-0.100828,0.917627,0.38444,0.368714,-0.324429,0.871089]
    },{
        "parent":51,
        "pos":[1.68309e-05,5.05884,-2.68221e-06],
        "name":"LeftHandRing1",
        "rest":[0.994692,0.00587148,0.102732,0.00474469,0.994692,-0.10279,-0.10279,0.102732,0.989384]
    },{
        "parent":52,
        "pos":[1.60182e-06,3.737,4.28354e-08],
        "name":"LeftHandRing2",
        "rest":[1,3.08322e-07,6.4585e-09,-3.08322e-07,1,-7.74857e-09,-6.45849e-09,7.74857e-09,1]
    },{
        "parent":53,
        "pos":[5.02381e-06,2.593,-3.16032e-08],
        "name":"LeftHandRing3",
        "rest":[1,2.73202e-17,6.0064e-15,-2.68355e-15,1,4.65663e-10,2.83224e-17,-4.65661e-10,1]
    },{
        "parent":39,
        "pos":[0.510757,2.97542,-2.15122],
        "name":"LeftInHandPinky",
        "rest":[0.875224,0.259465,-0.408242,-0.00562349,0.849367,0.527773,0.483686,-0.459624,0.744845]
    },{
        "parent":55,
        "pos":[7.56979e-06,4.64935,4.76837e-07],
        "name":"LeftHandPinky1",
        "rest":[0.967017,0.0600253,0.247538,0.00516249,0.967017,-0.254659,-0.254659,0.247538,0.934812]
    },{
        "parent":56,
        "pos":[4.90012e-06,2.993,1.56627e-07],
        "name":"LeftHandPinky2",
        "rest":[1,-3.55271e-15,-1.58932e-08,-1.12497e-22,1,-1.49012e-08,1.58932e-08,1.49012e-08,1]
    },{
        "parent":57,
        "pos":[4.95918e-06,1.891,8.28605e-08],
        "name":"LeftHandPinky3",
        "rest":[1,-3.55271e-15,-7.77156e-16,-2.07261e-16,1,1.59866e-15,3.30872e-23,0,1]
    }]
}