{
    "bones":[{
        "parent":-1,
        "armmat":[1,0,0,0,0,1,-2.38419e-07,105.85,0,1.6292e-07,1,1.72452e-05,0,0,0,1],
        "mat":[1,0,0,0,1,-2.38419e-07,0,1.6292e-07,1],
        "length":4.318,
        "pos":[0,105.85,1.72452e-05],
        "name":"Hips"
    },{
        "parent":0,
        "armmat":[-1,-2.42259e-20,-8.74228e-08,-11.5,2.08432e-14,-1,-2.38419e-07,104,-8.74228e-08,-1.6292e-07,1,1.69438e-05,0,0,0,1],
        "mat":[-1,-2.42259e-20,-8.74228e-08,2.37169e-20,-1,0,-8.74228e-08,0,1],
        "length":48,
        "pos":[-11.5,-1.85,0],
        "name":"RightUpLeg"
    },{
        "parent":1,
        "armmat":[-1,-1.4243e-14,-8.74228e-08,-11.5,3.50862e-14,-1,-2.38419e-07,56,-8.74228e-08,-1.62921e-07,1,9.12357e-06,0,0,0,1],
        "mat":[1,1.4243e-14,-3.39579e-21,-1.4243e-14,1,2.27374e-13,-5.71626e-21,-2.27374e-13,1],
        "length":48,
        "pos":[0,48,-9.09495e-13],
        "name":"RightLeg"
    },{
        "parent":2,
        "armmat":[1,-1.42109e-14,-6.35731e-08,-11.5,-5.8859e-08,-0.377897,-0.925847,8,-2.4024e-08,0.925848,-0.377897,1.30338e-06,0,0,0,1],
        "mat":[-1,-8.09402e-08,9.66098e-08,5.8859e-08,0.377897,0.925848,-1.11447e-07,0.925848,-0.377897],
        "length":21.1698,
        "pos":[1.13687e-13,48,1.13687e-13],
        "name":"RightFoot"
    },{
        "parent":0,
        "armmat":[-1,-2.42259e-20,-8.74228e-08,11.5,2.08432e-14,-1,-2.38419e-07,104,-8.74228e-08,-1.6292e-07,1,1.69438e-05,0,0,0,1],
        "mat":[-1,-2.42259e-20,-8.74228e-08,2.37169e-20,-1,0,-8.74228e-08,0,1],
        "length":48,
        "pos":[11.5,-1.85,0],
        "name":"LeftUpLeg"
    },{
        "parent":4,
        "armmat":[-1,-1.4243e-14,-8.74228e-08,11.5,3.50862e-14,-1,-2.38419e-07,56,-8.74228e-08,-1.62921e-07,1,9.12357e-06,0,0,0,1],
        "mat":[1,1.4243e-14,-3.39579e-21,-1.4243e-14,1,2.27374e-13,-5.71626e-21,-2.27374e-13,1],
        "length":48,
        "pos":[0,48,-9.09495e-13],
        "name":"LeftLeg"
    },{
        "parent":5,
        "armmat":[1,-7.10543e-15,-6.3573e-08,11.5,-5.8859e-08,-0.377897,-0.925847,8,-2.40241e-08,0.925848,-0.377897,1.30338e-06,0,0,0,1],
        "mat":[-1,-8.09402e-08,9.66098e-08,5.88589e-08,0.377897,0.925848,-1.11447e-07,0.925848,-0.377897],
        "length":21.1698,
        "pos":[1.13687e-13,48,1.13687e-13],
        "name":"LeftFoot"
    },{
        "parent":0,
        "armmat":[1,0,0,0,0,1,-2.38419e-07,122.504,0,1.62921e-07,1,1.99584e-05,0,0,0,1],
        "mat":[1,0,0,0,1,-2.55795e-13,0,2.55795e-13,1],
        "length":11.312,
        "pos":[0,16.654,3.63798e-12],
        "name":"Spine"
    },{
        "parent":7,
        "armmat":[1,0,0,0,0,1,-2.38419e-07,133.816,0,1.62921e-07,1,2.18014e-05,0,0,0,1],
        "mat":[1,0,0,0,1,5.68434e-14,0,-5.68434e-14,1],
        "length":11.78,
        "pos":[0,11.312,0],
        "name":"Spine1"
    },{
        "parent":8,
        "armmat":[1,0,0,0,0,1,-2.38419e-07,145.596,0,1.62921e-07,1,2.37206e-05,0,0,0,1],
        "mat":[1,0,0,0,1,-5.68434e-14,0,5.68434e-14,1],
        "length":11.312,
        "pos":[0,11.78,0],
        "name":"Spine2"
    },{
        "parent":9,
        "armmat":[1,0,0,0,0,1,-2.38419e-07,156.908,0,1.62921e-07,1,2.55636e-05,0,0,0,1],
        "mat":[1,0,0,0,1,0,0,1.42109e-14,1],
        "length":9.40434,
        "pos":[0,11.312,0],
        "name":"Spine3"
    },{
        "parent":10,
        "armmat":[1,0,0,0,0,1,-2.38419e-07,168.999,0,1.62921e-07,1,2.75334e-05,0,0,0,1],
        "mat":[1,0,0,0,1,8.52651e-14,0,-8.52651e-14,1],
        "length":9,
        "pos":[0,12.091,0],
        "name":"Neck"
    },{
        "parent":11,
        "armmat":[1,0,0,0,0,1,-2.38419e-07,177.999,0,1.62921e-07,1,2.89997e-05,0,0,0,1],
        "mat":[1,0,0,0,1,-1.13687e-13,0,9.9476e-14,1],
        "length":18,
        "pos":[0,9,0],
        "name":"Head"
    },{
        "parent":10,
        "armmat":[0,-1,0,-3.5,1,0,-1.62921e-07,164.969,8.74225e-08,0,1,2.68769e-05,0,0,0,1],
        "mat":[0,-1,0,1,0,7.54981e-08,-7.54981e-08,0,1],
        "length":14,
        "pos":[-3.5,8.061,0],
        "name":"RightShoulder"
    },{
        "parent":13,
        "armmat":[0,-1,0,-17.5,1,0,-1.62921e-07,164.969,8.74225e-08,0,1,2.68769e-05,0,0,0,1],
        "mat":[1,0,0,0,1,0,0,0,1],
        "length":29,
        "pos":[4.37694e-12,14,0],
        "name":"RightArm"
    },{
        "parent":14,
        "armmat":[-6.14557e-07,-1,6.72889e-14,-46.5,1,-6.14557e-07,-1.62921e-07,164.969,8.74225e-08,1.35627e-14,1,2.68769e-05,0,0,0,1],
        "mat":[1,-6.14557e-07,0,6.14557e-07,1,-6.72889e-14,0,6.72889e-14,1],
        "length":28,
        "pos":[4.37694e-12,29,0],
        "name":"RightForeArm"
    },{
        "parent":15,
        "armmat":[0.202388,-0.951658,0.231054,-74.5,0.951658,0.135455,-0.275678,164.969,0.231054,0.275678,0.933068,2.68769e-05,0,0,0,1],
        "mat":[0.951658,0.135456,-0.275678,-0.202388,0.951658,-0.231054,0.231054,0.275678,0.933068],
        "length":3.5643,
        "pos":[8.16436e-09,28,-4.6555e-13],
        "name":"RightHand"
    },{
        "parent":16,
        "armmat":[1.11759e-07,-1,7.45058e-08,-77.202,1,1.11759e-07,-1.78814e-07,165.175,2.98023e-08,0,1,3.38803,0,0,0,1],
        "mat":[0.951658,-0.202387,0.231054,0.135455,0.951658,0.275678,-0.275678,-0.231054,0.933068],
        "length":3.998,
        "pos":[0.432015,3.53328,2.48014],
        "name":"RightHandThumb1"
    },{
        "parent":17,
        "armmat":[1.11759e-07,-1,7.45058e-08,-81.2,1,1.11759e-07,-1.62921e-07,165.175,1.39091e-08,0,1,3.38803,0,0,0,1],
        "mat":[1,0,1.58932e-08,1.03631e-15,1,3.10848e-15,-1.58932e-08,0,1],
        "length":2.778,
        "pos":[6.78981e-06,3.998,8.41931e-08],
        "name":"RightHandThumb2"
    },{
        "parent":18,
        "armmat":[-4.20725e-08,-1,7.13505e-08,-83.978,1,-4.20725e-08,-1.62921e-07,165.175,1.39091e-08,-3.15535e-09,1,3.38803,0,0,0,1],
        "mat":[1,-1.53831e-07,-6.23682e-15,1.53831e-07,1,3.15535e-09,6.61744e-23,-3.15534e-09,1],
        "length":2.382,
        "pos":[6.4255e-06,2.778,8.67532e-08],
        "name":"RightHandThumb3"
    },{
        "parent":16,
        "armmat":[0.0188403,-0.981997,0.187952,-78,0.981997,-0.0171639,-0.188112,165.521,0.187952,0.188112,0.963996,2.14803,0,0,0,1],
        "mat":[0.981766,-0.171614,0.0817555,0.166902,0.984059,0.0614059,-0.0909904,-0.0466411,0.994759],
        "length":5.76784,
        "pos":[0.313272,3.99773,1.04337],
        "name":"RightInHandIndex"
    },{
        "parent":20,
        "armmat":[1.86265e-08,-1,4.47035e-08,-83.664,1,2.6077e-08,-2.08616e-07,165.422,7.45058e-08,-1.49012e-08,1,3.23303,0,0,0,1],
        "mat":[0.981998,-0.0188403,0.187952,-0.0171639,0.981998,0.188112,-0.188112,-0.187952,0.963996],
        "length":3.93,
        "pos":[-6.55651e-06,5.76784,-1.43051e-06],
        "name":"RightHandIndex1"
    },{
        "parent":21,
        "armmat":[1.86264e-08,-1,5.96046e-08,-87.594,1,2.6077e-08,-1.62921e-07,165.422,2.88102e-08,0,1,3.23303,0,0,0,1],
        "mat":[1,0,4.56955e-08,-4.88438e-16,1,-1.49012e-08,-4.56956e-08,1.49012e-08,1],
        "length":2.228,
        "pos":[-1.60973e-06,3.93,1.86029e-07],
        "name":"RightHandIndex2"
    },{
        "parent":22,
        "armmat":[1.86264e-08,-1,5.96046e-08,-89.822,1,2.6077e-08,-1.62921e-07,165.422,2.88102e-08,0,1,3.23303,0,0,0,1],
        "mat":[1,0,1.57652e-14,-5.91331e-17,1,4.07079e-15,-1.42109e-14,0,1],
        "length":1.96,
        "pos":[-1.81556e-06,2.228,2.52392e-09],
        "name":"RightHandIndex3"
    },{
        "parent":16,
        "armmat":[-0.0124365,-0.998032,0.0614527,-78.172,0.998032,-0.0161666,-0.0605786,165.531,0.0614527,0.0605783,0.99627,0.822027,0,0,0,1],
        "mat":[0.961468,-0.203378,0.184979,0.163965,0.964296,0.207962,-0.22067,-0.169619,0.960487],
        "length":5.62907,
        "pos":[-0.0183937,3.79722,-0.236373],
        "name":"RightInHandMiddle"
    },{
        "parent":24,
        "armmat":[-7.45058e-09,-1,1.11759e-07,-83.79,1,-3.72529e-08,-1.82539e-07,165.44,3.72529e-09,-3.72529e-09,1,1.16303,0,0,0,1],
        "mat":[0.998032,0.0124365,0.0614527,-0.0161665,0.998033,0.0605783,-0.0605784,-0.0614526,0.99627],
        "length":4.288,
        "pos":[1.92374e-05,5.62908,-1.19209e-07],
        "name":"RightHandMiddle1"
    },{
        "parent":25,
        "armmat":[-7.45058e-09,-1,1.15484e-07,-88.078,1,-3.72529e-08,-1.62921e-07,165.44,-1.58932e-08,-4.44089e-16,1,1.16303,0,0,0,1],
        "mat":[1,-7.94093e-23,1.96185e-08,8.88328e-16,1,-3.7253e-09,-1.96185e-08,3.72529e-09,1],
        "length":2.688,
        "pos":[1.87522e-05,4.28801,6.9432e-08],
        "name":"RightHandMiddle2"
    },{
        "parent":26,
        "armmat":[-1.61529e-07,-1,1.1347e-07,-90.766,1,-1.91331e-07,-1.62921e-07,165.44,-1.58932e-08,-2.01448e-09,1,1.16303,0,0,0,1],
        "mat":[1,-1.54078e-07,-1.84379e-14,1.54078e-07,1,2.01447e-09,-1.77636e-15,-2.01448e-09,1],
        "length":2.144,
        "pos":[1.88296e-05,2.68801,1.25981e-07],
        "name":"RightHandMiddle3"
    },{
        "parent":16,
        "armmat":[0.00587168,-0.994692,-0.102732,-78.154,0.994692,-0.00474448,0.10279,165.553,-0.102732,-0.10279,0.989384,-0.139973,0,0,0,1],
        "mat":[0.924058,-0.229578,0.30563,0.100828,0.917627,0.38444,-0.368714,-0.324429,0.871089],
        "length":5.05885,
        "pos":[-0.21609,3.51787,-1.13589],
        "name":"RightInHandRing"
    },{
        "parent":28,
        "armmat":[2.13273e-07,-1,4.47035e-08,-83.186,1,1.92784e-07,-1.56462e-07,165.529,4.47035e-08,-7.45058e-09,1,-0.659973,0,0,0,1],
        "mat":[0.994692,-0.00587148,-0.102732,-0.00474469,0.994692,-0.10279,0.10279,0.102732,0.989384],
        "length":3.737,
        "pos":[-1.68309e-05,5.05884,-2.68221e-06],
        "name":"RightHandRing1"
    },{
        "parent":29,
        "armmat":[-9.50489e-08,-1,5.24521e-08,-86.923,1,-1.15538e-07,-1.62921e-07,165.529,5.1162e-08,2.97971e-10,1,-0.659973,0,0,0,1],
        "mat":[1,-3.08322e-07,-6.4585e-09,3.08322e-07,1,-7.74857e-09,6.45849e-09,7.74857e-09,1],
        "length":2.593,
        "pos":[-1.60182e-06,3.737,4.28354e-08],
        "name":"RightHandRing2"
    },{
        "parent":30,
        "armmat":[-9.50489e-08,-1,5.19864e-08,-89.516,1,-1.15538e-07,-1.62921e-07,165.529,5.1162e-08,-1.6769e-10,1,-0.659973,0,0,0,1],
        "mat":[1,-2.73202e-17,-6.0064e-15,2.68355e-15,1,4.65663e-10,-2.83224e-17,-4.65661e-10,1],
        "length":2.016,
        "pos":[-5.02381e-06,2.593,-3.16032e-08],
        "name":"RightHandRing3"
    },{
        "parent":16,
        "armmat":[0.0600254,-0.967017,-0.247538,-77.932,0.967017,-0.00516239,0.254659,165.479,-0.247538,-0.254659,0.934812,-1.30497,0,0,0,1],
        "mat":[0.875224,-0.259465,0.408242,0.00562349,0.849367,0.527773,-0.483686,-0.459624,0.744845],
        "length":4.64935,
        "pos":[-0.510757,2.97542,-2.15122],
        "name":"RightInHandPinky"
    },{
        "parent":32,
        "armmat":[4.47035e-08,-1,0,-82.428,1,5.21541e-08,-1.78814e-07,165.455,2.98023e-08,-1.49012e-08,1,-2.48897,0,0,0,1],
        "mat":[0.967017,-0.0600253,-0.247538,-0.00516249,0.967017,-0.254659,0.254659,0.247538,0.934812],
        "length":2.993,
        "pos":[-7.56979e-06,4.64935,4.76837e-07],
        "name":"RightHandPinky1"
    },{
        "parent":33,
        "armmat":[4.47035e-08,-1,1.49012e-08,-85.421,1,5.21541e-08,-1.62921e-07,165.455,1.39091e-08,0,1,-2.48897,0,0,0,1],
        "mat":[1,3.55271e-15,1.58932e-08,1.12497e-22,1,-1.49012e-08,-1.58932e-08,1.49012e-08,1],
        "length":1.891,
        "pos":[-4.90012e-06,2.993,1.56627e-07],
        "name":"RightHandPinky2"
    },{
        "parent":34,
        "armmat":[4.47035e-08,-1,1.49012e-08,-87.312,1,5.21541e-08,-1.62921e-07,165.455,1.39091e-08,0,1,-2.48897,0,0,0,1],
        "mat":[1,3.55271e-15,7.77156e-16,2.07261e-16,1,1.59866e-15,-3.30872e-23,0,1],
        "length":1.786,
        "pos":[-4.95918e-06,1.891,8.28605e-08],
        "name":"RightHandPinky3"
    },{
        "parent":10,
        "armmat":[0,1,0,3.5,-1,0,-1.62921e-07,164.969,-8.74225e-08,0,1,2.68769e-05,0,0,0,1],
        "mat":[0,1,0,-1,0,7.54981e-08,7.54981e-08,0,1],
        "length":14,
        "pos":[3.5,8.061,0],
        "name":"LeftShoulder"
    },{
        "parent":36,
        "armmat":[0,1,0,17.5,-1,0,-1.62921e-07,164.969,-8.74225e-08,0,1,2.68769e-05,0,0,0,1],
        "mat":[1,0,0,0,1,0,0,0,1],
        "length":29,
        "pos":[-4.37694e-12,14,0],
        "name":"LeftArm"
    },{
        "parent":37,
        "armmat":[-6.14557e-07,1,-6.72889e-14,46.5,-1,-6.14557e-07,-1.62921e-07,164.969,-8.74225e-08,1.35627e-14,1,2.68769e-05,0,0,0,1],
        "mat":[1,6.14557e-07,0,-6.14557e-07,1,-6.72889e-14,0,6.72889e-14,1],
        "length":28,
        "pos":[-4.37694e-12,29,0],
        "name":"LeftForeArm"
    },{
        "parent":38,
        "armmat":[0.202388,0.951658,-0.231054,74.5,-0.951658,0.135455,-0.275678,164.969,-0.231054,0.275678,0.933068,2.68769e-05,0,0,0,1],
        "mat":[0.951658,-0.135456,0.275678,0.202388,0.951658,-0.231054,-0.231054,0.275678,0.933068],
        "length":3.5643,
        "pos":[-8.16436e-09,28,-4.6555e-13],
        "name":"LeftHand"
    },{
        "parent":39,
        "armmat":[1.11759e-07,1,-7.45058e-08,77.202,-1,1.11759e-07,-1.78814e-07,165.175,-2.98023e-08,0,1,3.38803,0,0,0,1],
        "mat":[0.951658,0.202387,-0.231054,-0.135455,0.951658,0.275678,0.275678,-0.231054,0.933068],
        "length":3.998,
        "pos":[-0.432015,3.53328,2.48014],
        "name":"LeftHandThumb1"
    },{
        "parent":40,
        "armmat":[1.11759e-07,1,-7.45058e-08,81.2,-1,1.11759e-07,-1.62921e-07,165.175,-1.39091e-08,0,1,3.38803,0,0,0,1],
        "mat":[1,0,-1.58932e-08,-1.03631e-15,1,3.10848e-15,1.58932e-08,0,1],
        "length":2.778,
        "pos":[-6.78981e-06,3.998,8.41931e-08],
        "name":"LeftHandThumb2"
    },{
        "parent":41,
        "armmat":[-4.20725e-08,1,-7.13505e-08,83.978,-1,-4.20725e-08,-1.62921e-07,165.175,-1.39091e-08,-3.15535e-09,1,3.38803,0,0,0,1],
        "mat":[1,1.53831e-07,6.23682e-15,-1.53831e-07,1,3.15535e-09,-6.61744e-23,-3.15534e-09,1],
        "length":2.382,
        "pos":[-6.4255e-06,2.778,8.67532e-08],
        "name":"LeftHandThumb3"
    },{
        "parent":39,
        "armmat":[0.0188403,0.981997,-0.187952,78,-0.981997,-0.0171639,-0.188112,165.521,-0.187952,0.188112,0.963996,2.14803,0,0,0,1],
        "mat":[0.981766,0.171614,-0.0817555,-0.166902,0.984059,0.0614059,0.0909904,-0.0466411,0.994759],
        "length":5.76784,
        "pos":[-0.313272,3.99773,1.04337],
        "name":"LeftInHandIndex"
    },{
        "parent":43,
        "armmat":[1.86265e-08,1,-4.47035e-08,83.664,-1,2.6077e-08,-2.08616e-07,165.422,-7.45058e-08,-1.49012e-08,1,3.23303,0,0,0,1],
        "mat":[0.981998,0.0188403,-0.187952,0.0171639,0.981998,0.188112,0.188112,-0.187952,0.963996],
        "length":3.93,
        "pos":[6.55651e-06,5.76784,-1.43051e-06],
        "name":"LeftHandIndex1"
    },{
        "parent":44,
        "armmat":[1.86264e-08,1,-5.96046e-08,87.594,-1,2.6077e-08,-1.62921e-07,165.422,-2.88102e-08,0,1,3.23303,0,0,0,1],
        "mat":[1,0,-4.56955e-08,4.88438e-16,1,-1.49012e-08,4.56956e-08,1.49012e-08,1],
        "length":2.228,
        "pos":[1.60973e-06,3.93,1.86029e-07],
        "name":"LeftHandIndex2"
    },{
        "parent":45,
        "armmat":[1.86264e-08,1,-5.96046e-08,89.822,-1,2.6077e-08,-1.62921e-07,165.422,-2.88102e-08,0,1,3.23303,0,0,0,1],
        "mat":[1,0,-1.57652e-14,5.91331e-17,1,4.07079e-15,1.42109e-14,0,1],
        "length":1.96,
        "pos":[1.81556e-06,2.228,2.52392e-09],
        "name":"LeftHandIndex3"
    },{
        "parent":39,
        "armmat":[-0.0124365,0.998032,-0.0614527,78.172,-0.998032,-0.0161666,-0.0605786,165.531,-0.0614527,0.0605783,0.99627,0.822027,0,0,0,1],
        "mat":[0.961468,0.203378,-0.184979,-0.163965,0.964296,0.207962,0.22067,-0.169619,0.960487],
        "length":5.62907,
        "pos":[0.0183937,3.79722,-0.236373],
        "name":"LeftInHandMiddle"
    },{
        "parent":47,
        "armmat":[-7.45058e-09,1,-1.11759e-07,83.79,-1,-3.72529e-08,-1.82539e-07,165.44,-3.72529e-09,-3.72529e-09,1,1.16303,0,0,0,1],
        "mat":[0.998032,-0.0124365,-0.0614527,0.0161665,0.998033,0.0605783,0.0605784,-0.0614526,0.99627],
        "length":4.288,
        "pos":[-1.92374e-05,5.62908,-1.19209e-07],
        "name":"LeftHandMiddle1"
    },{
        "parent":48,
        "armmat":[-7.45058e-09,1,-1.15484e-07,88.078,-1,-3.72529e-08,-1.62921e-07,165.44,1.58932e-08,-4.44089e-16,1,1.16303,0,0,0,1],
        "mat":[1,7.94093e-23,-1.96185e-08,-8.88328e-16,1,-3.7253e-09,1.96185e-08,3.72529e-09,1],
        "length":2.688,
        "pos":[-1.87522e-05,4.28801,6.9432e-08],
        "name":"LeftHandMiddle2"
    },{
        "parent":49,
        "armmat":[-1.61529e-07,1,-1.1347e-07,90.766,-1,-1.91331e-07,-1.62921e-07,165.44,1.58932e-08,-2.01448e-09,1,1.16303,0,0,0,1],
        "mat":[1,1.54078e-07,1.84379e-14,-1.54078e-07,1,2.01447e-09,1.77636e-15,-2.01448e-09,1],
        "length":2.144,
        "pos":[-1.88296e-05,2.68801,1.25981e-07],
        "name":"LeftHandMiddle3"
    },{
        "parent":39,
        "armmat":[0.00587168,0.994692,0.102732,78.154,-0.994692,-0.00474448,0.10279,165.553,0.102732,-0.10279,0.989384,-0.139973,0,0,0,1],
        "mat":[0.924058,0.229578,-0.30563,-0.100828,0.917627,0.38444,0.368714,-0.324429,0.871089],
        "length":5.05885,
        "pos":[0.21609,3.51787,-1.13589],
        "name":"LeftInHandRing"
    },{
        "parent":51,
        "armmat":[2.13273e-07,1,-4.47035e-08,83.186,-1,1.92784e-07,-1.56462e-07,165.529,-4.47035e-08,-7.45058e-09,1,-0.659973,0,0,0,1],
        "mat":[0.994692,0.00587148,0.102732,0.00474469,0.994692,-0.10279,-0.10279,0.102732,0.989384],
        "length":3.737,
        "pos":[1.68309e-05,5.05884,-2.68221e-06],
        "name":"LeftHandRing1"
    },{
        "parent":52,
        "armmat":[-9.50489e-08,1,-5.24521e-08,86.923,-1,-1.15538e-07,-1.62921e-07,165.529,-5.1162e-08,2.97971e-10,1,-0.659973,0,0,0,1],
        "mat":[1,3.08322e-07,6.4585e-09,-3.08322e-07,1,-7.74857e-09,-6.45849e-09,7.74857e-09,1],
        "length":2.593,
        "pos":[1.60182e-06,3.737,4.28354e-08],
        "name":"LeftHandRing2"
    },{
        "parent":53,
        "armmat":[-9.50489e-08,1,-5.19864e-08,89.516,-1,-1.15538e-07,-1.62921e-07,165.529,-5.1162e-08,-1.6769e-10,1,-0.659973,0,0,0,1],
        "mat":[1,2.73202e-17,6.0064e-15,-2.68355e-15,1,4.65663e-10,2.83224e-17,-4.65661e-10,1],
        "length":2.016,
        "pos":[5.02381e-06,2.593,-3.16032e-08],
        "name":"LeftHandRing3"
    },{
        "parent":39,
        "armmat":[0.0600254,0.967017,0.247538,77.932,-0.967017,-0.00516239,0.254659,165.479,0.247538,-0.254659,0.934812,-1.30497,0,0,0,1],
        "mat":[0.875224,0.259465,-0.408242,-0.00562349,0.849367,0.527773,0.483686,-0.459624,0.744845],
        "length":4.64935,
        "pos":[0.510757,2.97542,-2.15122],
        "name":"LeftInHandPinky"
    },{
        "parent":55,
        "armmat":[4.47035e-08,1,0,82.428,-1,5.21541e-08,-1.78814e-07,165.455,-2.98023e-08,-1.49012e-08,1,-2.48897,0,0,0,1],
        "mat":[0.967017,0.0600253,0.247538,0.00516249,0.967017,-0.254659,-0.254659,0.247538,0.934812],
        "length":2.993,
        "pos":[7.56979e-06,4.64935,4.76837e-07],
        "name":"LeftHandPinky1"
    },{
        "parent":56,
        "armmat":[4.47035e-08,1,-1.49012e-08,85.421,-1,5.21541e-08,-1.62921e-07,165.455,-1.39091e-08,0,1,-2.48897,0,0,0,1],
        "mat":[1,-3.55271e-15,-1.58932e-08,-1.12497e-22,1,-1.49012e-08,1.58932e-08,1.49012e-08,1],
        "length":1.891,
        "pos":[4.90012e-06,2.993,1.56627e-07],
        "name":"LeftHandPinky2"
    },{
        "parent":57,
        "armmat":[4.47035e-08,1,-1.49012e-08,87.312,-1,5.21541e-08,-1.62921e-07,165.455,-1.39091e-08,0,1,-2.48897,0,0,0,1],
        "mat":[1,-3.55271e-15,-7.77156e-16,-2.07261e-16,1,1.59866e-15,3.30872e-23,0,1],
        "length":1.786,
        "pos":[4.95918e-06,1.891,8.28605e-08],
        "name":"LeftHandPinky3"
    }]
}